
; Dump of M9301-YH boot roms
; 23-332A9, 23-333A9, 23-334A9, 23-335A9

; This code depends on the fact that when location 173024 is read,
; the M9312 _modifies_ the data on the bus with the contents of S1.
; So treat references to 173024 like references to a register that
; allows S1 to be read.


S1LOC = 173024


; Low bank - contains cache, memory and CPU diagnostics


165000 000401		
165002 000000		
165004 005006		
165006 100403		
165010 102402		
165012 101001		
165014 101401		
165016 000000		
165020 005306		
165022 100004		
165024 001403		
165026 002002		
165030 003001		
165032 003401		
165034 000000		
165036 006006		
165040 102003		
165042 103002		
165044 101001		
165046 001001		
165050 000000		
165052 000264		
165054 101003		
165056 000270		
165060 002401		
165062 101401		
165064 000000		
165066 000244		
165070 003401		
165072 003001		
165074 000000		
165076 012706		
165100 125252		
165102 010600		
165104 010001		
165106 010102		
165110 010203		
165112 010304		
165114 010405		
165116 160501		
165120 002401		
165122 001401		
165124 000000		
165126 006102		
165130 103001		
165132 002401		
165134 000000		
165136 060203		
165140 005203		
165142 005103		
165144 060301		
165146 103401		
165150 003401		
165152 000000		
165154 006004		
165156 050403		
165160 060503		
165162 005203		
165164 103401		
165166 002001		
165170 000000		
165172 005301		
165174 101401		
165176 002401		
165200 000000		
165202 005100		
165204 101401		
165206 000000		
165210 040001		
165212 060101		
165214 003002		
165216 002001		
165220 003401		
165222 000000		
165224 005501		
165226 020401		
165230 001005		
165232 030105		
165234 003003		
165236 005105		
165240 160501		
165242 001401		
165244 000000		
165246 112700		
165250 177401		
165252 100001		
165254 000000		
165256 077002		
165260 005001		
165262 005201		
165264 077002		
165266 005700		
165270 001002		
165272 005701		
165274 001401		
165276 000000		
165300 012700		
165302 100000		
165304 005201		
165306 012702		
165310 000020		
165312 006200		
165314 005500		
165316 006301		
165320 005501		
165322 077205		
165324 060001		
165326 003401		
165330 003001		
165332 000000		
165334 072127		
165336 000015		
165340 000301		
165342 072127		
165344 177770		
165346 001401		
165350 000000		
165352 032737		
165354 000400		
165356 173024		
165360 001001		
165362 000571		
165364 012706		
165366 000776		
165370 004767		
165372 000002		
165374 000000		
165376 022716		
165400 165374		
165402 001401		
165404 000000		
165406 012716		
165410 165416		
165412 000207		
165414 000000		
165416 005046		
165420 012746		
165422 165430		
165424 000002		
165426 000000		
165430 000137		
165432 165436		
165434 000000		
165436 012700		
165440 165446		
165442 000137		
165444 173310		
165446 012737		
165450 165750		
165452 000114		
165454 005037		
165456 000116		
165460 012703		
165462 177746		
165464 012713		
165466 000014		
165470 012702		
165472 001000		
165474 010200		
165476 010010		
165500 005720		
165502 020005		
165504 101774		
165506 010200		
165510 011001		
165512 020001		
165514 001401		
165516 000000		
165520 005120		
165522 020005		
165524 101771		
165526 014001		
165530 005101		
165532 020001		
165534 001401		
165536 000000		
165540 020002		
165542 001371		
165544 005016		
165546 012704		
165550 125252		
165552 012713		
165554 000030		
165556 012700		
165560 004000		
165562 012702		
165564 001000		
165566 005104		
165570 010410		
165572 005110		
165574 005110		
165576 021004		
165600 001401		
165602 000000		
165604 006037		
165606 177752		
165610 103402		
165612 000000		
165614 000457		
165616 105116		
165620 001362		
165622 005720		
165624 077220		
165626 012713		
165630 000044		
165632 012700		
165634 006000		
165636 105166		
165640 000001		
165642 001347		
165644 012702		
165646 001000		
165650 010200		
165652 010010		
165654 005720		
165656 020005		
165660 101774		
165662 012701		
165664 000003		
165666 005016		
165670 032737		
165672 000002		
165674 173024		
165676 001420		
165700 012716		
165702 000030		
165704 010200		
165706 005110		
165710 005110		
165712 020010		
165714 001401		
165716 000000		
165720 005720		
165722 006037		
165724 177752		
165726 103402		
165730 000000		
165732 000410		
165734 020005		
165736 101763		
165740 011613		
165742 005016		
165744 077121		
165746 000404		
165750 000000		
165752 000402		
165754 012713		
165756 000014		
165760 000137		
165762 173112		
165764 000776		
165766 000776		
165770 000776		
165772 000776		
165774 000776		
165776 000776		


; High bank - contains bootstraps
;
; S1-10		on = /60; off = /70
; S1-9		on = diagnostics; off = no diagnostics
; S1-8		on = boot per CSWR; off = boot unit 0 per S1-4:7
; S1-4:7	on = 0; off = 1
;			0  Invalid
;			1  TM11
;			2  TC11
;			3  RK11
;			4  RP11
;			5  RK611
;			6  TJU16
;			7  RJP0x
;			10 RKS0x
;			11 RX11
;			12 PC11
; S1-3	on = do not execute memory modifying tests; off = execute such tests


173000 032737		
173002 000004		
173004 173024		
173006 001041		
173010 000137		
173012 165000		
173014 113700		
173016 177570		
173020 001005		
173022 012700		
173024 000000		
173026 006200		
173030 042700		
173032 000007		
173034 010004		
173036 042704		
173040 177607		
173042 001004		
173044 013704		
173046 173024		
173050 006204		
173052 000770		
173054 072427		
173056 177776		
173060 005744		
173062 042700		
173064 177770		
173066 010002		
173070 000302		
173072 012705		
173074 100200		
173076 016401		
173100 173636		
173102 016403		
173104 173662		
173106 000174		
173110 173704		
173112 032737		
173114 000010		
173116 173024		
173120 001340		
173122 000734		
173124 010211		
173126 052311		
173130 005711		
173132 100376		
173134 005761		
173136 177776		
173140 100017		
173142 000420		
173144 010211		
173146 006061		
173150 177776		
173152 103375		
173154 052311		
173156 105711		
173160 100376		
173162 012761		
173164 177777		
173166 000002		
173170 112311		
173172 030511		
173174 001776		
173176 100003		
173200 000005		
173202 000743		
173204 010211		
173206 012761		
173210 177000		
173212 000002		
173214 112302		
173216 042711		
173220 000377		
173222 000402		
173224 173000		
173226 000340		
173230 050211		
173232 105711		
173234 100376		
173236 005711		
173240 100005		
173242 105713		
173244 001355		
173246 021361		
173250 000014		
173252 001352		
173254 105011		
173256 005007		
173260 010061		
173262 000010		
173264 012711		
173266 000003		
173270 000740		
173272 110061		
173274 000010		
173276 112311		
173300 012761		
173302 014000		
173304 000032		
173306 000470		
173310 012705		
173312 160000		
173314 005037		
173316 000006		
173320 012737		
173322 173326		
173324 000004		
173326 012706		
173330 000776		
173332 005745		
173334 010007		
173336 010061		
173340 000032		
173342 052361		
173344 000032		
173346 032761		
173350 010000		
173352 000012		
173354 001774		
173356 112311		
173360 105761		
173362 000012		
173364 100375		
173366 112311		
173370 105761		
173372 000012		
173374 100375		
173376 012761		
173400 177777		
173402 000006		
173404 112311		
173406 105761		
173410 000012		
173412 100375		
173414 000425		
173416 012700		
173420 173424		
173422 000732		
173424 010115		
173426 142705		
173430 000024		
173432 010515		
173434 011503		
173436 005211		
173440 105711		
173442 100376		
173444 116113		
173446 000002		
173450 005215		
173452 122703		
173454 000375		
173456 001366		
173460 105223		
173462 000143		
173464 110061		
173466 000010		
173470 016161		
173472 000016		
173474 000016		
173476 000643		
173500 052705		
173502 000040		
173504 005700		
173506 001401		
173510 005723		
173512 130511		
173514 001776		
173516 112311		
173520 012702		
173522 000002		
173524 105711		
173526 100376		
173530 112761		
173532 000001		
173534 000002		
173536 077206		
173540 030511		
173542 001776		
173544 100615		
173546 111311		
173550 130511		
173552 001776		
173554 100003		
173556 116122		
173560 000002		
173562 000772		
173564 022737		
173566 000240		
173570 000000		
173572 001202		
173574 005007		
173576 072227		
173600 000005		
173602 010261		
173604 000006		
173606 000733		
173610 060017		
173612 001411		
173614 034421		
173616 004003		
173620 037405		
173622 001300		
173624 004407		
173626 034431		
173630 001000		
173632 001407		
173634 011427		
173636 172522		
173640 177342		
173642 177404		
173644 176714		
173646 177440		
173650 172440		
173652 176700		
173654 172040		
173656 177170		
173660 177550		
173662 173610		
173664 173616		
173666 173620		
173670 173620		
173672 173614		
173674 173622		
173676 173614		
173700 173615		
173702 173632		
173704 173144		
173706 173124		
173710 173576		
173712 173204		
173714 173260		
173716 173336		
173720 173272		
173722 173464		
173724 173500		
173726 173416		
173730 000000		
173732 000000		
173734 000776		
173736 000776		
173740 000776		
173742 000776		
173744 000776		
173746 000776		
173750 000776		
173752 000776		
173754 000776		
173756 000776		
173760 000776		
173762 000776		
173764 000776		
173766 000776		
173770 000776		
173772 000776		
173774 000776		
173776 000776		


